PAT_636_1204_521.png,1,0.19416511,0.20188728,0.13574128,0.15064983,0.1460977,0.17145884
PAT_636_1204_666.png,1,0.196345,0.20287019,0.13357387,0.1517853,0.14538391,0.17004173
PAT_1790_3425_942.png,5,0.19241105,0.19948101,0.13660572,0.1537171,0.14692639,0.17085874
PAT_1790_3427_355.png,0,0.19147891,0.19930287,0.13745742,0.15350462,0.14712568,0.17113055
PAT_1790_3427_723.png,0,0.19207418,0.20069376,0.13705851,0.15199125,0.14659515,0.17158718
PAT_682_1292_986.png,1,0.19304782,0.20130076,0.13628168,0.1512203,0.14648196,0.17166747
PAT_682_1292_978.png,1,0.19140632,0.19877283,0.13759066,0.15363757,0.14754957,0.17104304
PAT_682_1292_642.png,1,0.22785951,0.22180638,0.12087409,0.13255836,0.13715896,0.1597427
PAT_53_1370_245.png,1,0.20292091,0.20575184,0.13030148,0.14559546,0.14595394,0.16947633
PAT_53_82_940.png,1,0.22995849,0.21830353,0.11930279,0.13723767,0.13276257,0.16243495
PAT_53_1370_288.png,1,0.20173001,0.20611885,0.13093895,0.14810318,0.14427596,0.16883308
PAT_53_1144_892.png,1,0.19216321,0.20002079,0.13554314,0.15357243,0.1469274,0.17177303
PAT_53_81_522.png,1,0.19255547,0.19979341,0.13562608,0.15371928,0.14707498,0.17123078
PAT_53_81_194.png,1,0.19335178,0.20007178,0.13507247,0.15372007,0.14680982,0.17097403
PAT_53_82_657.png,1,0.23820587,0.22406358,0.11390853,0.13462678,0.12704419,0.16215107
PAT_620_1176_980.png,1,0.19235688,0.20140465,0.13565835,0.15170662,0.14643228,0.17244127
PAT_544_3299_671.png,5,0.2081578,0.21281278,0.1258405,0.14225832,0.14094044,0.1699901
PAT_544_1028_226.png,1,0.19087489,0.19860022,0.13825497,0.15317227,0.14788103,0.17121664
PAT_369_755_391.png,4,0.19265798,0.1997966,0.1371748,0.1523771,0.14734894,0.17064461
PAT_369_755_733.png,4,0.19391595,0.20000526,0.13599333,0.152932,0.14691038,0.17024305
PAT_369_756_130.png,4,0.19089076,0.19843031,0.13830401,0.15341686,0.14792855,0.17102957
PAT_409_812_974.png,1,0.19091767,0.19830689,0.13832691,0.15359084,0.14793539,0.1709223
PAT_409_2614_805.png,0,0.1908423,0.19831295,0.13845474,0.15367353,0.14782321,0.17089318
PAT_409_2614_24.png,0,0.19188423,0.19857177,0.13759546,0.15380725,0.14763594,0.17050527
PAT_419_832_706.png,1,0.19605993,0.20257242,0.13487346,0.14955743,0.14637953,0.17055734
PAT_419_2768_910.png,5,0.2161201,0.21276063,0.12488704,0.1423154,0.13803229,0.16588454
PAT_419_2767_323.png,0,0.19131753,0.19892521,0.13760151,0.15364604,0.14738996,0.17111982
PAT_419_833_148.png,4,0.1914377,0.19887277,0.13747397,0.15357511,0.14757605,0.17106432
PAT_549_1043_676.png,4,0.19169311,0.1988334,0.13715287,0.15371315,0.14760217,0.1710053
PAT_549_1043_36.png,4,0.1949526,0.20180975,0.13423513,0.15263018,0.14610091,0.17027141
PAT_2154_4783_625.png,0,0.19523491,0.20256326,0.13438745,0.15163313,0.14572309,0.17045814
PAT_1754_3308_390.png,3,0.20811887,0.2138523,0.12492885,0.1425426,0.13997044,0.17058702
PAT_1754_3308_783.png,3,0.20584941,0.21149877,0.12640984,0.14359719,0.14106496,0.17157985
PAT_1754_3306_816.png,3,0.21739778,0.21665762,0.12281121,0.13655947,0.13982916,0.16674486
PAT_207_3951_140.png,0,0.23544401,0.2307347,0.114754215,0.12845564,0.13132243,0.15928905
PAT_207_313_709.png,1,0.1952134,0.20276996,0.13321206,0.15243177,0.14541076,0.17096199
PAT_207_1280_15.png,1,0.19435965,0.20230423,0.13367517,0.15236528,0.14552528,0.17177036
PAT_207_313_1.png,1,0.20152667,0.20596847,0.13130324,0.14779206,0.14413011,0.16927953
PAT_1286_1000_517.png,5,0.19660252,0.20502047,0.13245532,0.15095118,0.14431077,0.17065975
PAT_1286_999_824.png,5,0.20137414,0.20703533,0.13065897,0.14825322,0.14306346,0.16961494
PAT_1286_1000_276.png,5,0.20234182,0.2081847,0.12906191,0.14853446,0.1425248,0.16935223
PAT_1286_999_846.png,5,0.20357144,0.20755422,0.12936053,0.14704396,0.14377327,0.16869657
PAT_216_331_678.png,4,0.19848272,0.20650679,0.13044363,0.15074104,0.1440365,0.16978934
PAT_691_1311_686.png,1,0.20844929,0.21121463,0.12665601,0.14558591,0.14011365,0.16798055
PAT_691_3994_671.png,0,0.20395152,0.20887269,0.12868956,0.14760645,0.1419227,0.16895711
PAT_691_1310_780.png,1,0.20093577,0.20779106,0.12948059,0.14913294,0.14307973,0.16957992
PAT_691_1311_2.png,1,0.20407218,0.2088357,0.1285456,0.14755192,0.14207532,0.1689193
PAT_691_3994_791.png,0,0.2236765,0.21654564,0.12151376,0.1395579,0.13473791,0.16396825
PAT_691_1311_890.png,1,0.22359289,0.2168041,0.12131236,0.13924976,0.1347368,0.16430405
PAT_691_1312_389.png,2,0.24105854,0.22496614,0.113955,0.13235196,0.12733777,0.16033055
PAT_398_799_163.png,3,0.2047836,0.20983115,0.12676974,0.14421907,0.14285138,0.171545
PAT_76_1039_269.png,4,0.21528801,0.21437687,0.12426237,0.14225453,0.13749155,0.1663267
PAT_1566_2435_150.png,0,0.19290759,0.20076622,0.13487767,0.15333223,0.14641845,0.17169783
PAT_1638_2878_536.png,0,0.19400842,0.20225526,0.13335735,0.15310144,0.14550735,0.17177013
PAT_228_348_535.png,1,0.19245562,0.2005357,0.13513306,0.15296948,0.14669986,0.17220627
PAT_228_348_2.png,1,0.21288888,0.2139568,0.12463893,0.14341642,0.13773295,0.16736606
PAT_115_175_206.png,1,0.19146031,0.19897455,0.13766292,0.15320759,0.14753892,0.17115566
PAT_115_1138_870.png,2,0.1912273,0.19860722,0.13798904,0.15356912,0.14776058,0.17084676
PAT_115_176_455.png,1,0.19135834,0.19875494,0.13785368,0.15327825,0.1476924,0.17106244
PAT_115_175_283.png,1,0.19141753,0.19893673,0.13770218,0.15325162,0.14756115,0.17113084
PAT_115_177_575.png,1,0.191372,0.19881071,0.13781378,0.15332313,0.1476299,0.1710504
PAT_115_177_622.png,1,0.1913868,0.19890477,0.1377599,0.1532283,0.14759271,0.17112756
PAT_115_1138_970.png,2,0.19135599,0.19859488,0.13775486,0.15361488,0.14777866,0.1709007
PAT_1125_492_523.png,0,0.23041128,0.21783245,0.12013201,0.13628331,0.1339692,0.16137171
PAT_730_1383_535.png,1,0.20619714,0.21153529,0.1266096,0.14311801,0.14157505,0.17096487
PAT_730_1385_585.png,1,0.21162209,0.21020874,0.12798642,0.14268422,0.14162207,0.1658764
PAT_257_395_866.png,1,0.21711881,0.22195913,0.11860298,0.13735525,0.13546482,0.16949901
PAT_257_396_494.png,1,0.2213232,0.21494064,0.12312154,0.13966978,0.13653618,0.1644087
PAT_827_1600_1000.png,1,0.19161102,0.19959444,0.13692833,0.15348242,0.14693522,0.17144857
PAT_827_1599_248.png,1,0.19237188,0.19993424,0.1359104,0.15370479,0.14686348,0.17121519
PAT_827_1598_85.png,1,0.19150153,0.19970202,0.13713703,0.15323265,0.14679772,0.17162913
PAT_827_1601_859.png,1,0.1958713,0.20345874,0.13394736,0.14987336,0.14509219,0.17175706
PAT_666_1268_870.png,1,0.21198827,0.21115711,0.12662566,0.14347193,0.14001343,0.16674358
PAT_666_1271_645.png,1,0.21886805,0.21553007,0.1241156,0.13697723,0.14053562,0.1639734
PAT_666_1269_65.png,1,0.20316447,0.2078852,0.12947954,0.14464375,0.14412028,0.17070675
PAT_1428_1489_38.png,0,0.19250597,0.19958027,0.1362269,0.15376566,0.14698224,0.17093901
PAT_1428_1489_454.png,0,0.19445632,0.20184521,0.13432088,0.15292762,0.14597781,0.17047215
PAT_832_1569_413.png,1,0.19200659,0.19978462,0.13645153,0.15324463,0.1469002,0.17161243
PAT_2155_4784_483.png,5,0.19155951,0.20041233,0.13707896,0.15279923,0.14650682,0.1716432
PAT_214_329_70.png,1,0.19363941,0.2002838,0.13521364,0.15357167,0.14673284,0.17055862
PAT_214_329_300.png,1,0.1952708,0.20234701,0.13378401,0.15236473,0.14621988,0.17001358
PAT_1031_148_29.png,0,0.19355527,0.19980991,0.13541423,0.15379545,0.146897,0.17052823
PAT_1031_148_292.png,0,0.19427575,0.20077856,0.13463868,0.15348418,0.14661653,0.17020628
PAT_1031_148_66.png,0,0.20197374,0.20673898,0.12995455,0.14918822,0.14299645,0.16914801
PAT_974_1841_693.png,1,0.20272593,0.2058249,0.13129933,0.14723718,0.14500524,0.16790736
PAT_974_1842_574.png,4,0.20550534,0.20656064,0.13043977,0.14575866,0.14470579,0.16702978
PAT_580_1104_684.png,1,0.1984533,0.20262471,0.13344343,0.14764097,0.14712031,0.17071724
PAT_2157_4789_969.png,0,0.20223337,0.20726721,0.12961525,0.1487571,0.1424351,0.1696919
PAT_631_1227_585.png,1,0.19409697,0.20083755,0.13537641,0.15214498,0.14685306,0.17069104
PAT_631_1207_982.png,1,0.19335474,0.20009431,0.13535239,0.1535581,0.14701943,0.17062107
PAT_731_1387_634.png,0,0.20652097,0.2078804,0.12926455,0.14608556,0.14267844,0.16757014
PAT_1329_1168_620.png,5,0.19480684,0.20198429,0.13411659,0.15289614,0.14592962,0.17026648
PAT_1329_1167_230.png,5,0.19147111,0.19927247,0.13720234,0.15354304,0.14721099,0.17130008
PAT_1330_1172_722.png,3,0.20103459,0.20610684,0.13094547,0.14602242,0.1449445,0.1709462
PAT_1035_165_800.png,0,0.20165434,0.20474616,0.13168365,0.14550771,0.14659578,0.1698124
PAT_996_6_886.png,0,0.20683919,0.20816706,0.12888041,0.14608312,0.14227012,0.16776007
PAT_996_6_367.png,0,0.1998831,0.20474891,0.13229541,0.14913331,0.14508238,0.16885687
PAT_996_6_622.png,0,0.1970801,0.20314847,0.13383335,0.14889807,0.1457266,0.1713135
PAT_90_219_648.png,5,0.20640203,0.20745608,0.12948854,0.14612883,0.14309245,0.16743203
PAT_90_138_369.png,1,0.19159102,0.19924147,0.1370745,0.15352719,0.14727823,0.17128755
PAT_90_139_57.png,1,0.19774637,0.20297477,0.13398524,0.14959721,0.14623,0.16946635
PAT_90_138_605.png,1,0.19164048,0.19960877,0.13695502,0.15286836,0.14712901,0.17179835
PAT_1265_908_754.png,0,0.20443217,0.20612937,0.13082628,0.1456141,0.14533508,0.16766304
PAT_279_429_142.png,1,0.1957427,0.2030051,0.1333718,0.15219656,0.1455318,0.17015201
PAT_279_1393_118.png,1,0.19116376,0.19842993,0.13809189,0.15362337,0.14789264,0.17079844
PAT_279_430_356.png,0,0.19156152,0.19846758,0.13771282,0.15379427,0.14781664,0.17064717
PAT_1903_3791_14.png,3,0.19143529,0.1995098,0.13785872,0.15267688,0.14722225,0.17129715
PAT_35_48_43.png,1,0.19126804,0.19861823,0.1379848,0.15326196,0.14778438,0.17108268
PAT_247_1293_449.png,1,0.21603253,0.21142,0.12634677,0.14124034,0.14079252,0.16416784
PAT_247_378_484.png,1,0.19263722,0.20061418,0.13690247,0.15168232,0.14699626,0.17116755
PAT_247_1294_292.png,1,0.19293074,0.20080736,0.13683157,0.15148355,0.14689507,0.17105171
PAT_388_1590_518.png,1,0.19121435,0.1984545,0.13802312,0.15372318,0.14784351,0.17074141
PAT_388_2452_548.png,0,0.1942327,0.20189664,0.13579182,0.15066431,0.14596616,0.17144835
PAT_388_4500_67.png,0,0.1958402,0.2031614,0.13479203,0.14970642,0.14532183,0.17117816
PAT_388_787_818.png,1,0.20021367,0.20460944,0.1331602,0.14792168,0.14552473,0.16857028
PAT_388_1590_328.png,1,0.19119349,0.19889036,0.13785756,0.15345311,0.14742835,0.17117713
PAT_388_1590_169.png,1,0.20042692,0.2055227,0.13265905,0.14564711,0.14579983,0.16994438
PAT_388_1592_850.png,1,0.19163151,0.20012479,0.13733886,0.15221596,0.14702299,0.17166589
PAT_388_1592_576.png,1,0.1911913,0.19889267,0.13792175,0.15347905,0.14743471,0.17108048
PAT_388_1589_976.png,0,0.20478898,0.20731243,0.13083348,0.14327604,0.14547192,0.16831712
PAT_388_4500_103.png,0,0.20287375,0.20902921,0.12904924,0.14521852,0.14280209,0.17102721
PAT_69_1053_540.png,0,0.19805898,0.20480992,0.1328027,0.14819089,0.14486498,0.17127252
PAT_69_1053_332.png,0,0.20021431,0.20639147,0.13110255,0.14667526,0.14451356,0.17110282
PAT_708_1333_222.png,1,0.19613186,0.20300952,0.13387226,0.15112086,0.14594707,0.16991848
PAT_713_1336_159.png,4,0.19618751,0.20328319,0.13312313,0.15195617,0.14538887,0.1700611
PAT_328_1738_890.png,0,0.20369762,0.20733504,0.12938203,0.14800328,0.14268875,0.16889326
PAT_328_692_681.png,1,0.19136892,0.19927695,0.13710685,0.15336859,0.14727004,0.1716087
PAT_1704_3142_702.png,0,0.20806389,0.21036303,0.12680775,0.14588444,0.13991958,0.16896139
PAT_630_1196_710.png,4,0.21165322,0.20959756,0.12848783,0.1423992,0.14272742,0.16513482
PAT_2131_4683_112.png,0,0.20483561,0.20691189,0.13045397,0.14653623,0.14370823,0.1675541
PAT_582_1363_358.png,1,0.19140507,0.19879793,0.13760078,0.15343021,0.14754686,0.17121916
PAT_432_851_560.png,1,0.19292052,0.20098951,0.13638051,0.15131104,0.1467892,0.1716092
PAT_432_851_386.png,1,0.19396184,0.20174044,0.13568778,0.15079315,0.14634576,0.17147101
PAT_85_129_225.png,0,0.19147533,0.1987754,0.13758866,0.1536072,0.14755258,0.17100084
PAT_85_129_980.png,0,0.19157074,0.19872789,0.13749458,0.15366457,0.1475856,0.17095658
PAT_85_129_896.png,0,0.19710547,0.20232318,0.13479263,0.14894184,0.14706676,0.16977008
PAT_188_289_908.png,1,0.21448614,0.21253972,0.12578093,0.14217104,0.13942036,0.16560175
PAT_188_289_859.png,1,0.2173076,0.21383467,0.12432586,0.14137813,0.13774875,0.16540499
PAT_627_1188_755.png,3,0.21602027,0.21283092,0.12540081,0.14138179,0.13926145,0.16510476
PAT_627_1188_503.png,3,0.20233533,0.20584458,0.12999354,0.14541924,0.14538307,0.17102425
PAT_1491_1703_637.png,0,0.19380592,0.20117705,0.13440003,0.15343875,0.14624722,0.17093101
PAT_1403_1392_407.png,0,0.19189376,0.20014581,0.13606443,0.15333784,0.14664203,0.17191613
PAT_1403_1392_848.png,0,0.19169891,0.20046505,0.13636827,0.1528023,0.14643998,0.17222546
PAT_735_1391_683.png,0,0.20007636,0.20646657,0.13099213,0.14717247,0.14386721,0.17142521
PAT_735_1391_261.png,0,0.20740454,0.21003953,0.12694529,0.14640716,0.14052308,0.16868037
PAT_1252_866_852.png,5,0.19160736,0.19942132,0.1367692,0.15362386,0.14715882,0.17141949
PAT_1415_1439_295.png,0,0.1917786,0.1994912,0.13659118,0.15368253,0.14713903,0.17131737
PAT_1415_1437_527.png,5,0.20973536,0.20979296,0.12754886,0.14479132,0.14112271,0.16700871
PAT_1415_1440_629.png,0,0.2019301,0.20622395,0.13065417,0.14857247,0.1436737,0.16894566
PAT_1415_1437_743.png,5,0.2063751,0.20890214,0.12772308,0.14293626,0.14410777,0.16995561
PAT_950_1804_64.png,1,0.20688052,0.20834623,0.12848938,0.14629908,0.14199756,0.16798724
PAT_950_1804_334.png,1,0.19159675,0.19934158,0.13679872,0.15360409,0.14724469,0.1714142
PAT_403_804_994.png,3,0.19368674,0.20045456,0.13536443,0.15287027,0.14708169,0.17054237
PAT_1249_862_658.png,3,0.20586815,0.21111079,0.1268535,0.1436358,0.14183359,0.1706982
PAT_1249_861_810.png,0,0.19173832,0.19901477,0.13696285,0.15377322,0.14749129,0.17101954
PAT_1418_1447_360.png,5,0.19176403,0.19906019,0.13691929,0.1536737,0.14741252,0.1711703
PAT_1418_1449_580.png,0,0.19131327,0.19911218,0.13751532,0.15356146,0.1473596,0.17113818
PAT_1418_1447_334.png,5,0.20629519,0.20781206,0.12892246,0.146579,0.14231125,0.16808
PAT_1418_1448_307.png,5,0.21302173,0.21180658,0.12525855,0.14388506,0.13872135,0.16730674
PAT_1418_1452_948.png,0,0.1939905,0.20096105,0.13483189,0.15328056,0.14654258,0.1703934
PAT_773_1459_554.png,1,0.19130601,0.19861268,0.13776186,0.15365557,0.14775896,0.17090492
PAT_379_1531_17.png,1,0.1915252,0.19862072,0.1372966,0.15381166,0.14780654,0.1709393
PAT_379_4405_969.png,0,0.19157714,0.19846968,0.13740186,0.1539897,0.14755562,0.17100598
PAT_2119_4625_733.png,0,0.19205858,0.19922315,0.13693842,0.15382066,0.14713757,0.17082158
PAT_473_911_610.png,1,0.19821985,0.20343567,0.13369378,0.14963725,0.14605665,0.16895683
PAT_473_911_630.png,1,0.2079855,0.20910682,0.12743437,0.14627837,0.14117777,0.16801716
PAT_1133_510_956.png,0,0.20128743,0.2056112,0.13083862,0.14954971,0.14392716,0.16878593
PAT_2039_4290_273.png,0,0.19151805,0.19939962,0.13740003,0.15346771,0.1470905,0.17112407
PAT_1061_254_813.png,0,0.21066067,0.2102519,0.12744759,0.14033905,0.14410354,0.16719726
PAT_2036_4280_90.png,0,0.19169825,0.1998142,0.13748026,0.15291132,0.1468792,0.1712168
PAT_2036_4281_271.png,0,0.19429477,0.20109919,0.13496558,0.153028,0.14601709,0.17059542
PAT_147_219_544.png,1,0.19138612,0.19887945,0.13773106,0.15345638,0.14743355,0.17111349
PAT_147_219_206.png,1,0.19140877,0.1988187,0.13773397,0.15349965,0.14747551,0.17106333
PAT_2049_4348_485.png,5,0.20798042,0.20810549,0.1298602,0.14306812,0.14442629,0.16655947
PAT_2105_4587_204.png,0,0.19653821,0.20317215,0.13344748,0.1515925,0.14495842,0.17029126
PAT_810_1526_67.png,1,0.19167654,0.19869536,0.13730983,0.15374228,0.14766395,0.1709121
PAT_810_1526_639.png,1,0.19314578,0.19930135,0.13674939,0.15327084,0.14738917,0.17014343
PAT_252_383_31.png,1,0.19096462,0.19835347,0.13822965,0.15337056,0.14806367,0.17101806
PAT_252_383_389.png,1,0.19086498,0.19811703,0.13837299,0.15367788,0.14811262,0.17085448
PAT_745_1406_409.png,1,0.1908811,0.19810528,0.13840199,0.15372393,0.14819384,0.17069387
PAT_1893_3761_666.png,0,0.19143648,0.19947475,0.13800369,0.15253022,0.14741938,0.17113547
PAT_406_808_975.png,1,0.19091024,0.19812849,0.13833769,0.15374127,0.14814243,0.17073996
PAT_406_809_581.png,1,0.19468461,0.20206705,0.13554443,0.1502757,0.14657123,0.17085695
PAT_406_1542_301.png,1,0.19095458,0.19904728,0.13815688,0.15277879,0.14783962,0.1712229
PAT_406_1542_754.png,1,0.19313554,0.20130588,0.13621223,0.15116742,0.14665666,0.17152223
PAT_406_808_560.png,1,0.19120732,0.19868775,0.13775703,0.15361992,0.14766403,0.17106402
PAT_900_1711_622.png,3,0.19122444,0.19872108,0.13771936,0.15361276,0.14766511,0.17105724
PAT_987_1859_859.png,0,0.19594024,0.20247135,0.13485362,0.15050437,0.14640605,0.16982438
PAT_987_1859_724.png,0,0.21373138,0.21208946,0.12502727,0.14371978,0.1383078,0.16712432
PAT_615_1167_722.png,3,0.19624673,0.2027691,0.13372621,0.1516737,0.14570461,0.16987967
PAT_615_1168_968.png,3,0.2013196,0.20739134,0.13032372,0.14640674,0.14366521,0.17089336
PAT_282_433_934.png,1,0.1912774,0.19883996,0.13776328,0.1533625,0.14758942,0.1711674
PAT_197_301_449.png,1,0.20635907,0.21052644,0.12731245,0.14282341,0.14254783,0.17043084
PAT_197_301_198.png,1,0.20351607,0.20932263,0.12864289,0.1448526,0.1427172,0.17094854
PAT_486_929_274.png,2,0.19935314,0.20559771,0.13184151,0.14716615,0.14471523,0.17132623
PAT_486_929_317.png,2,0.21800876,0.21288933,0.12526499,0.13984421,0.13976747,0.16422527
PAT_885_1687_204.png,1,0.19305545,0.20003468,0.13576418,0.1535108,0.14680617,0.17082863
PAT_885_1687_823.png,1,0.19325237,0.20025675,0.1356282,0.15340444,0.14673035,0.17072788
PAT_2161_4818_501.png,3,0.19165652,0.20008332,0.13729365,0.15302667,0.14656423,0.17137563
PAT_2161_4819_719.png,3,0.19185336,0.20022853,0.136876,0.15325274,0.14646357,0.17132585
PAT_2022_4184_111.png,0,0.22768436,0.2180883,0.11961346,0.13790643,0.13279109,0.1639164
PAT_2068_4424_995.png,0,0.19272056,0.20137487,0.13511753,0.15284738,0.14580038,0.17213923
PAT_290_445_988.png,1,0.19291924,0.20013282,0.1351401,0.15366103,0.14689876,0.17124802
PAT_290_445_686.png,1,0.22722222,0.21881591,0.11878333,0.13869198,0.13197209,0.16451453
PAT_1335_1181_21.png,3,0.21307941,0.21761908,0.12101634,0.13974595,0.13807844,0.17046085
PAT_898_1706_496.png,3,0.19212323,0.19991077,0.13577177,0.15348214,0.14714119,0.1715709
PAT_1494_1707_125.png,5,0.22157168,0.21585359,0.12211185,0.1400406,0.13546017,0.164962
PAT_707_1327_245.png,0,0.19184405,0.19998875,0.13612634,0.15329173,0.14687769,0.17187144
PAT_271_418_92.png,4,0.19125485,0.1986316,0.13802408,0.15352397,0.14763351,0.17093192
PAT_271_418_14.png,4,0.19145906,0.19859123,0.13781418,0.15355395,0.14765827,0.17092322
PAT_459_892_804.png,1,0.19139318,0.19855575,0.1378388,0.1535983,0.14772984,0.17088413
PAT_2097_4557_241.png,3,0.21545789,0.21942094,0.12089552,0.13834248,0.13684219,0.169041
PAT_1244_840_975.png,0,0.19126208,0.19868752,0.13792966,0.15367365,0.14755239,0.17089467
PAT_45_65_551.png,0,0.19125417,0.19895792,0.13798217,0.15325382,0.14744267,0.17110924
PAT_45_66_822.png,2,0.19282837,0.19926941,0.13670148,0.15351012,0.1472454,0.17044525
PAT_1614_2747_533.png,3,0.2075742,0.21167094,0.12718934,0.14216161,0.14193292,0.16947104
PAT_989_1861_156.png,4,0.19633897,0.20220609,0.134667,0.15001597,0.14685151,0.1699205
PAT_1584_2610_223.png,0,0.20682764,0.20940478,0.1274085,0.14664568,0.14081822,0.16889517
PAT_1680_3038_587.png,3,0.2024264,0.205548,0.13151723,0.14643748,0.14574346,0.16832742
PAT_1798_3455_379.png,5,0.20137303,0.20636487,0.13066094,0.1488894,0.14352387,0.169188
PAT_2056_4364_112.png,5,0.19991899,0.20560512,0.13130227,0.14959456,0.14389034,0.16968875
PAT_568_1066_235.png,1,0.19135131,0.19913016,0.13737567,0.15342785,0.14734015,0.17137492
PAT_829_1566_135.png,1,0.19187145,0.20056023,0.13674247,0.15220495,0.14681657,0.1718043
PAT_1245_844_471.png,3,0.19158453,0.19915156,0.13685371,0.15366259,0.14728236,0.17146525
PAT_1245_845_32.png,3,0.19357215,0.20211144,0.13492614,0.15154676,0.1453105,0.17253295
PAT_1161_578_233.png,3,0.2190824,0.22265258,0.11851373,0.1355793,0.13535227,0.16881973
PAT_1581_2570_738.png,0,0.19858168,0.2057217,0.13185424,0.14962523,0.14378239,0.17043474
PAT_445_871_524.png,1,0.19745302,0.20484737,0.13259482,0.14906192,0.1441202,0.1719227
PAT_100_393_898.png,3,0.1957798,0.20302278,0.13345934,0.15176234,0.14516743,0.17080832
PAT_100_393_595.png,3,0.24508509,0.249833,0.10035694,0.12251631,0.11893308,0.16327554
PAT_383_777_129.png,4,0.19863494,0.20530866,0.13174585,0.15022984,0.14389564,0.17018507
PAT_383_779_429.png,1,0.20131974,0.20700759,0.13016674,0.14599545,0.14384782,0.17166269
PAT_1303_1077_501.png,0,0.19111976,0.19837591,0.1382122,0.15368254,0.14790797,0.17070164
PAT_2062_4397_39.png,3,0.19532472,0.20264237,0.13555549,0.14978744,0.14591901,0.17077102
PAT_1571_2484_488.png,0,0.19182138,0.19862354,0.13753408,0.15364328,0.1476813,0.17069633
PAT_562_1110_360.png,1,0.19116507,0.1982287,0.13821298,0.15370984,0.14802946,0.17065392
PAT_149_221_679.png,1,0.20388305,0.20979019,0.12827529,0.14495032,0.1426072,0.17049399
PAT_389_2600_833.png,0,0.19077803,0.19858178,0.13838251,0.15332828,0.14775959,0.1711698
PAT_1466_1618_147.png,0,0.19142647,0.1986084,0.1378768,0.15369006,0.1477131,0.17068522
PAT_693_1313_304.png,0,0.1909514,0.1982343,0.13839026,0.15369065,0.14802678,0.17070659
PAT_1838_3609_254.png,5,0.19824928,0.20342204,0.13365588,0.14835887,0.14635202,0.16996187
PAT_973_1839_34.png,0,0.20450363,0.20823486,0.12855889,0.14779076,0.14177871,0.1691332
PAT_1757_3316_304.png,0,0.19556999,0.20280801,0.13477737,0.15067609,0.14578542,0.17038311
PAT_1429_1491_451.png,0,0.19135782,0.19961572,0.13727671,0.15312195,0.14703244,0.1715954
PAT_1613_2744_603.png,3,0.20471773,0.20764396,0.13008882,0.14340223,0.14484508,0.16930225
PAT_190_291_366.png,1,0.20046261,0.20651935,0.13108493,0.14704761,0.14389846,0.17098704
PAT_136_203_436.png,1,0.19125119,0.19938742,0.13754652,0.1531502,0.14719822,0.17146653
PAT_498_944_488.png,0,0.1953192,0.20267512,0.13430865,0.15160656,0.14588599,0.17020448
PAT_414_822_420.png,0,0.1922425,0.19976659,0.13573118,0.15353471,0.14719912,0.17152591
PAT_1294_1031_466.png,0,0.22223084,0.21553884,0.122727424,0.1389504,0.13738744,0.16316512
PAT_1343_1217_404.png,5,0.20047072,0.20616563,0.13075005,0.14915606,0.14394481,0.1695128
